507,824,201,-272,-85,202
498,817,208,-263,-93,212
488,811,214,-248,-100,220
480,806,219,-230,-105,225
473,801,227,-209,-106,223
469,796,234,-187,-105,215
467,792,243,-167,-101,198
465,789,249,-148,-92,175
462,788,254,-130,-77,144
460,790,257,-112,-62,112
458,792,259,-94,-47,79
458,795,262,-77,-34,46
459,800,264,-60,-22,14
459,805,265,-46,-11,-14
461,811,265,-32,0,-39
464,817,265,-19,9,-58
469,823,266,-8,13,-72
472,829,265,1,15,-79
477,837,264,8,14,-82
482,841,260,14,10,-80
487,845,258,20,8,-73
492,849,256,24,8,-64
496,850,255,25,6,-54
499,850,253,24,6,-44
502,850,251,24,8,-34
505,850,247,24,10,-26
505,849,244,26,11,-20
505,848,240,30,10,-15
504,846,236,34,7,-12
502,844,233,38,4,-10
500,844,231,42,0,-7
499,844,228,44,-4,-5
500,845,226,45,-9,-4
501,847,225,44,-11,-5
502,847,224,41,-10,-7
503,848,223,37,-8,-10
505,850,222,32,-7,-13
506,850,222,28,-6,-16
508,850,223,23,-3,-18
509,851,223,19,-0,-19
511,850,222,15,1,-20
512,850,223,14,2,-20
512,850,222,13,4,-18
512,850,223,13,4,-16
514,851,222,12,2,-13
516,851,223,12,1,-11
516,852,224,11,2,-8
517,851,225,9,3,-6
518,850,226,6,5,-4
518,848,226,3,7,-3
519,846,226,1,9,-1
518,843,226,-1,10,-0
517,839,228,-2,11,1
517,834,229,-2,13,2
517,830,229,1,15,2
516,826,228,5,16,2
514,825,226,11,16,2
515,825,226,18,14,1
515,827,224,26,11,-0
515,829,223,32,9,-2
516,833,221,37,8,-5
516,837,219,40,8,-8
518,842,217,41,9,-12
520,845,216,40,11,-15
522,848,214,37,11,-19
525,850,214,34,12,-22
527,850,213,29,15,-23
529,851,212,25,16,-22
529,851,210,22,17,-20
530,850,208,21,16,-16
531,849,207,20,13,-10
532,848,207,20,10,-5
533,846,208,20,9,-1
532,845,207,20,8,2
532,844,207,19,8,5
530,842,205,19,8,7
529,841,205,19,8,8
527,840,204,19,7,9
525,840,205,19,6,9
524,839,204,18,5,8
526,839,203,17,5,5
527,839,202,16,5,2
528,839,202,15,7,-2
529,840,200,13,8,-4
529,841,199,12,7,-5
530,841,199,10,7,-5
532,842,198,8,6,-4
533,842,198,6,7,-2
535,842,198,5,6,-0
535,842,198,4,6,2
535,842,198,3,6,4
535,842,198,3,7,7
535,841,198,2,6,10
535,841,197,3,5,12
534,841,198,3,4,13
533,841,198,2,2,14
532,842,199,2,1,14
531,843,199,0,0,14
530,845,197,-1,-0,13
529,846,196,-3,-2,13
529,848,196,-5,-4,13
529,849,195,-9,-6,13
529,850,195,-13,-8,13
530,851,194,-18,-9,14
532,850,194,-24,-11,15
534,850,193,-29,-12,16
534,848,193,-33,-12,18
534,843,192,-37,-11,21
533,837,191,-40,-8,27
529,829,192,-43,-5,35
524,822,192,-46,1,45
518,817,191,-47,4,55
511,816,190,-44,2,64
505,818,190,-40,-6,69
500,822,192,-37,-16,71
494,830,197,-40,-23,71
490,837,204,-50,-23,69
486,847,210,-69,-13,66
481,862,210,-90,-0,62
468,885,204,-107,8,60
452,907,200,-122,6,63
437,921,215,-144,-5,69
436,924,249,-183,-19,71
442,916,293,-236,-21,64
459,901,341,-294,-1,39
476,880,394,-347,26,2
485,845,457,-386,49,-47
491,802,531,-414,63,-96
515,746,627,-429,84,-147
539,666,740,-436,121,-200
569,565,856,-433,164,-247
646,450,960,-387,229,-301
731,347,1021,-275,335,-368
801,286,1012,-47,447,-456
852,261,968,246,528,-536
900,265,891,565,601,-571
918,266,782,856,682,-544
933,298,634,1093,692,-409
951,351,472,1283,662,-215
972,421,319,1414,618,10
982,484,181,1487,583,207
968,526,61,1503,546,355
920,547,-40,1442,523,437
856,561,-132,1336,523,471
773,569,-214,1198,528,463
690,574,-280,1054,531,435
604,578,-335,915,530,396
523,586,-380,795,509,359
450,598,-414,702,460,334
392,612,-431,626,398,317
347,627,-435,563,329,304
311,642,-438,509,258,291
289,656,-432,459,194,273
276,670,-421,410,140,242
265,688,-408,360,99,201
255,709,-400,310,73,151
244,729,-396,264,54,99
231,748,-388,221,33,47
220,766,-377,179,10,-2
217,785,-363,136,-11,-50
221,805,-351,93,-28,-101
226,825,-338,53,-39,-152
232,840,-324,11,-53,-201
242,851,-308,-32,-74,-244
257,858,-291,-82,-101,-276
275,861,-272,-133,-121,-298
293,861,-248,-186,-134,-309
312,858,-226,-237,-149,-313
330,853,-205,-282,-170,-310
348,849,-184,-319,-193,-304
363,845,-158,-348,-217,-296
377,844,-129,-374,-241,-288
388,843,-104,-393,-260,-278
399,842,-81,-404,-277,-269
410,843,-54,-411,-296,-262
428,844,-26,-416,-319,-260
447,842,4,-421,-341,-261
465,839,33,-427,-349,-262
482,839,62,-435,-351,-261
498,840,90,-443,-354,-259
513,840,115,-449,-359,-254
527,839,137,-451,-363,-245
539,840,157,-448,-364,-229
548,840,176,-442,-368,-210
554,839,193,-432,-374,-185
558,835,206,-420,-380,-159
560,832,218,-407,-383,-133
564,829,229,-395,-384,-110
569,828,243,-385,-386,-95
575,827,260,-381,-388,-84
584,824,276,-383,-384,-77
594,819,292,-392,-366,-71
600,814,304,-401,-343,-64
606,807,314,-406,-320,-54
610,801,321,-407,-299,-42
612,797,330,-400,-282,-28
611,793,338,-389,-265,-13
608,790,346,-374,-250,1
606,787,353,-358,-237,14
605,784,359,-343,-223,25
606,783,361,-327,-206,33
607,781,362,-311,-188,37
604,780,361,-295,-172,41
601,777,359,-277,-159,45
596,773,355,-259,-153,51
594,771,353,-242,-154,57
593,767,353,-225,-160,67
594,762,355,-211,-160,77
594,758,355,-197,-155,88
590,756,353,-182,-153,99
584,754,348,-166,-158,111
576,754,344,-150,-169,124
566,756,343,-135,-183,137
555,759,340,-127,-199,148
544,761,342,-124,-214,156
526,756,350,-134,-224,163
499,745,366,-154,-230,170
468,731,389,-184,-252,180
439,713,422,-216,-290,192
433,693,463,-241,-339,201
453,666,509,-251,-378,194
499,632,569,-233,-398,167
556,584,655,-173,-393,120
648,525,755,-69,-371,76
788,478,837,126,-283,29
950,455,884,387,-144,-27
1091,442,907,671,59,-73
1172,429,884,925,322,-54
1175,404,719,1180,575,107
1190,422,477,1458,629,356
1204,442,250,1724,547,657
1219,445,60,1916,494,919
1198,429,-97,2005,485,1091
1085,399,-224,1947,548,1173
955,371,-352,1809,616,1216
827,346,-473,1615,660,1218
713,323,-570,1416,679,1186
616,307,-630,1223,683,1123
533,296,-676,1052,690,1048
462,292,-713,914,691,966
402,293,-742,807,670,883
353,299,-755,720,633,798
314,313,-749,641,588,711
283,329,-742,566,545,623
257,347,-742,496,504,531
233,367,-742,436,462,442
211,394,-741,385,416,354
191,421,-737,340,367,271
175,448,-734,300,309,191
165,471,-735,264,246,117
162,493,-736,232,177,47
163,513,-734,201,106,-21
165,532,-728,171,41,-86
175,555,-719,136,-13,-151
189,575,-711,101,-56,-216
203,588,-704,61,-97,-277
217,603,-695,18,-136,-329
236,623,-684,-29,-171,-373
252,645,-673,-74,-202,-407
264,665,-663,-116,-226,-432
279,684,-650,-153,-247,-448
292,702,-635,-188,-274,-460
303,719,-616,-221,-310,-468
317,735,-596,-254,-343,-474
337,747,-573,-289,-371,-482
358,760,-545,-327,-395,-492
378,775,-517,-369,-403,-503
398,789,-488,-413,-401,-512
418,800,-459,-457,-388,-518
436,811,-430,-501,-372,-520
454,823,-398,-543,-354,-516
470,833,-362,-589,-338,-504
487,844,-327,-633,-320,-486
499,854,-290,-681,-300,-459
509,863,-257,-730,-272,-423
522,872,-227,-773,-234,-381
536,878,-201,-807,-199,-338
549,884,-174,-827,-182,-300
553,888,-148,-836,-176,-264
552,891,-122,-830,-174,-230
550,893,-94,-817,-171,-198
549,894,-62,-799,-167,-171
548,893,-25,-779,-162,-151
547,888,13,-762,-154,-137
544,882,50,-748,-138,-127
542,874,85,-734,-113,-121
535,865,114,-717,-77,-119
528,854,139,-695,-38,-120
519,843,159,-668,-6,-124
510,835,172,-630,6,-130
504,831,183,-585,1,-138
499,826,195,-532,-11,-145
499,822,209,-482,-22,-151
499,817,224,-438,-24,-154
500,815,235,-404,-18,-154
503,814,243,-376,-14,-150
505,812,248,-351,-17,-143
507,810,253,-326,-25,-131
508,809,256,-301,-33,-117
511,809,258,-275,-45,-102
515,807,263,-249,-65,-88
519,805,269,-227,-83,-76
522,804,273,-209,-95,-67
524,801,276,-194,-102,-59
520,798,279,-181,-110,-51
512,792,281,-171,-124,-41
502,787,283,-164,-145,-29
493,785,283,-157,-170,-15
487,787,283,-150,-198,-3
484,783,293,-152,-234,5
492,779,316,-169,-272,3
500,770,349,-208,-293,-7
509,762,384,-256,-292,-23
525,750,428,-304,-289,-45
544,727,485,-342,-285,-71
574,692,575,-364,-277,-102
626,638,688,-365,-255,-132
737,532,819,-305,-194,-161
867,408,925,-155,-94,-190
1014,298,968,113,40,-224
1151,236,959,503,214,-269
1256,198,884,907,427,-310
1320,192,713,1300,689,-290
1301,165,508,1649,830,-163
1257,169,269,1929,782,149
1265,212,48,2140,630,534
1320,243,-81,2234,499,861
1333,240,-168,2217,487,1049
1242,215,-245,2072,585,1107
1114,195,-347,1882,687,1125
982,178,-463,1694,759,1128
855,169,-565,1538,791,1119
735,168,-647,1417,801,1101
628,176,-704,1324,781,1071
539,189,-744,1244,734,1028
469,206,-767,1159,651,961
413,223,-784,1069,567,880
366,245,-789,966,492,786
323,268,-792,861,436,692
287,290,-800,755,388,602
256,313,-812,656,336,515
228,336,-826,569,277,435
205,357,-834,494,208,360
184,378,-836,427,139,290
170,400,-832,363,71,220
161,422,-826,301,7,149
155,443,-816,238,-61,74
146,463,-802,174,-123,1
142,482,-784,105,-173,-70
139,499,-767,37,-213,-139
139,518,-746,-31,-248,-205
145,535,-721,-98,-284,-271
151,553,-694,-165,-324,-335
156,579,-667,-228,-361,-394
164,608,-647,-280,-390,-443
172,636,-639,-311,-414,-481
181,665,-629,-326,-447,-509
193,693,-611,-332,-496,-525
210,719,-593,-337,-546,-532
233,744,-575,-341,-584,-533
262,773,-552,-350,-600,-534
289,800,-524,-366,-605,-539
316,822,-497,-391,-602,-546
341,836,-470,-423,-597,-553
360,846,-449,-460,-590,-555
376,855,-426,-497,-575,-552
393,864,-403,-528,-547,-543
410,871,-379,-554,-517,-535
425,876,-355,-574,-494,-528
436,881,-331,-586,-480,-520
441,884,-306,-595,-468,-508
444,889,-279,-602,-454,-488
446,895,-253,-607,-437,-466
447,900,-226,-611,-421,-439
451,906,-196,-615,-407,-414
460,912,-167,-620,-390,-395
471,917,-138,-623,-367,-380
480,921,-108,-626,-343,-368
487,924,-78,-627,-320,-357
489,924,-50,-627,-299,-341
491,920,-23,-624,-286,-315
497,911,2,-618,-282,-284
503,901,22,-604,-282,-247
506,892,41,-582,-277,-208
508,885,54,-546,-270,-167
509,882,64,-502,-272,-128
507,883,71,-450,-281,-93
503,886,77,-398,-289,-61
498,890,84,-349,-291,-34
495,895,90,-309,-285,-14
491,899,96,-280,-274,-2
484,904,99,-260,-255,4
477,908,101,-248,-235,6
468,911,101,-241,-218,5
459,914,102,-236,-206,5
451,915,100,-232,-202,7
445,913,101,-227,-204,10
439,911,104,-223,-209,13
424,912,104,-219,-221,20
406,916,105,-212,-254,35
392,923,112,-202,-306,61
383,928,125,-191,-360,87
388,934,150,-188,-413,100
401,935,187,-194,-459,95
435,927,240,-215,-480,60
487,913,302,-243,-462,-1
566,888,380,-273,-389,-99
655,846,481,-304,-298,-209
775,771,601,-323,-183,-312
932,678,699,-297,-29,-394
1127,573,753,-177,155,-465
1292,468,736,94,352,-513
1394,406,631,460,565,-507
1393,417,417,897,704,-373
1351,452,214,1294,752,-108
1249,490,-18,1571,746,332
1181,530,-233,1735,660,824
1183,534,-395,1733,485,1216
1181,489,-482,1603,394,1400
1073,419,-541,1363,500,1383
917,369,-607,1095,644,1303
744,330,-692,851,747,1208
569,298,-765,677,765,1124
410,274,-811,562,736,1060
281,264,-815,498,660,1009
188,262,-796,449,566,950
128,270,-761,404,480,867
77,287,-730,364,414,765
35,316,-705,333,361,647
2,350,-684,306,313,528
-27,389,-662,282,270,413
-45,433,-644,253,235,305
-55,475,-636,224,206,204
-64,514,-635,200,175,111
-73,551,-628,178,140,29
-73,589,-617,156,97,-42
-72,618,-607,136,55,-106
-63,642,-600,117,20,-165
-53,665,-587,97,-12,-218
-37,693,-570,71,-40,-269
-21,721,-555,42,-62,-318
-3,742,-547,14,-77,-366
11,757,-543,-12,-95,-408
27,770,-534,-38,-123,-443
49,788,-517,-68,-154,-474
75,803,-502,-99,-175,-502
99,810,-492,-128,-188,-527
119,817,-480,-156,-202,-547
140,828,-461,-184,-225,-561
164,841,-442,-211,-251,-570
193,846,-428,-236,-276,-576
224,845,-417,-259,-299,-580
253,845,-398,-282,-322,-581
282,854,-373,-311,-337,-579
309,859,-353,-344,-342,-576
334,859,-338,-377,-337,-569
356,862,-321,-410,-335,-560
386,866,-298,-444,-336,-551
418,870,-271,-480,-333,-546
452,871,-238,-524,-314,-547
485,873,-200,-573,-282,-551
513,875,-160,-627,-237,-555
528,875,-120,-683,-185,-550
536,873,-83,-735,-137,-534
540,870,-44,-774,-103,-500
550,866,-7,-799,-82,-459
566,857,30,-806,-71,-415
584,846,69,-800,-64,-375
598,835,112,-785,-55,-340
608,822,152,-768,-42,-308
614,811,187,-751,-24,-280
614,802,212,-730,-3,-253
610,794,233,-705,16,-224
606,789,250,-671,26,-194
604,783,266,-634,23,-164
601,776,284,-597,-2,-137
600,768,306,-566,-33,-111
602,761,333,-544,-52,-88
600,751,351,-529,-55,-67
600,741,364,-516,-41,-50
593,734,374,-503,-31,-34
585,730,383,-483,-29,-18
578,727,387,-460,-39,-2
570,725,390,-432,-58,14
564,722,396,-403,-76,32
559,720,401,-376,-87,48
555,719,407,-352,-93,62
551,718,411,-332,-94,73
546,716,416,-315,-95,80
544,716,420,-303,-104,84
540,714,425,-295,-117,83
533,710,429,-290,-124,82
525,706,431,-286,-127,82
522,701,436,-281,-135,80
520,697,438,-276,-146,76
520,691,445,-269,-160,69
519,684,456,-263,-171,59
516,674,469,-261,-174,46
508,661,488,-260,-171,34
502,644,512,-264,-166,24
506,626,541,-268,-163,13
527,602,578,-270,-159,-8
552,573,619,-265,-147,-38
579,538,670,-250,-123,-73
615,491,728,-217,-92,-113
650,427,792,-167,-65,-152
692,346,871,-91,-53,-172
762,258,954,12,-35,-170
883,178,1030,171,38,-154
1025,120,1086,380,171,-158
1186,97,1103,638,388,-206
1296,97,1039,912,644,-273
1335,119,880,1211,898,-302
1343,145,696,1510,1056,-253
1328,164,500,1786,1129,-96
1298,195,295,2015,1120,196
1318,243,98,2191,1068,521
1339,276,-27,2294,1017,802
1324,279,-139,2325,994,987
1232,262,-244,2261,1008,1077
1107,247,-319,2120,1005,1123
978,231,-399,1912,986,1131
848,213,-496,1699,977,1114
715,203,-597,1507,960,1077
592,206,-668,1345,894,1018
485,218,-710,1201,803,947
401,235,-730,1062,709,864
332,257,-743,932,625,777
271,288,-750,814,545,684
219,321,-749,705,463,593
179,354,-737,600,386,504
146,389,-720,502,327,418
116,426,-701,412,294,336
88,463,-688,336,274,260
61,498,-681,277,255,191
39,529,-674,234,218,128
20,558,-659,201,167,71
4,583,-642,172,110,18
-5,605,-627,144,60,-30
-10,621,-617,119,18,-76
-20,638,-607,96,-21,-120
-27,654,-596,75,-65,-163
-28,668,-587,54,-116,-207
-22,678,-578,34,-172,-256
-12,691,-563,12,-222,-308
-1,708,-543,-17,-261,-360
14,723,-529,-54,-282,-414
33,737,-519,-92,-292,-466
53,753,-509,-133,-300,-517
71,767,-499,-175,-321,-562
93,780,-491,-213,-358,-598
118,793,-480,-247,-396,-626
141,806,-463,-280,-424,-645
163,819,-441,-312,-439,-657
185,835,-423,-343,-448,-662
203,846,-411,-369,-460,-661
216,856,-397,-393,-478,-652
235,869,-373,-420,-502,-639
268,878,-348,-450,-529,-630
310,882,-323,-486,-559,-631
360,886,-297,-523,-582,-640
413,889,-268,-565,-581,-657
455,890,-237,-607,-554,-672
483,891,-209,-650,-504,-676
502,890,-182,-686,-453,-667
516,888,-158,-711,-414,-644
527,883,-137,-718,-397,-607
536,875,-117,-711,-391,-561
547,864,-94,-690,-394,-507
561,855,-65,-665,-404,-454
586,844,-33,-642,-414,-408
613,832,-2,-622,-416,-371
637,821,29,-608,-401,-344
658,812,56,-596,-374,-324
674,805,79,-584,-337,-308
679,800,96,-568,-298,-294
678,794,109,-549,-265,-277
672,791,118,-525,-244,-255
664,787,124,-497,-229,-229
660,786,131,-464,-224,-201
658,785,137,-433,-225,-177
656,781,147,-410,-231,-158
654,778,158,-397,-234,-143
650,775,170,-396,-226,-133
648,775,178,-400,-211,-127
644,775,186,-408,-195,-125
641,774,194,-418,-184,-126
637,774,203,-429,-178,-128
635,774,211,-439,-173,-132
632,770,220,-447,-168,-134
629,763,235,-455,-169,-135
623,755,251,-465,-172,-132
621,743,272,-479,-181,-127
622,728,296,-494,-187,-125
624,708,334,-514,-185,-125
632,684,383,-538,-172,-131
654,653,450,-568,-149,-149
681,607,549,-619,-100,-193
698,545,674,-702,-40,-252
747,447,786,-809,26,-325
800,315,873,-886,97,-404
831,139,903,-833,168,-458
900,-50,889,-605,206,-479
992,-194,863,-195,196,-490
1089,-269,844,305,221,-482
1156,-281,767,810,329,-446
1171,-225,549,1294,453,-339
1142,-140,312,1729,462,-131
1118,-14,100,2057,384,228
1091,107,-68,2286,339,636
1090,205,-209,2397,269,983
1071,260,-293,2386,164,1200
991,269,-348,2242,154,1268
879,272,-388,2023,227,1260
763,277,-449,1772,320,1202
641,284,-521,1526,396,1108
525,294,-587,1319,442,1009
429,314,-638,1164,444,913
356,337,-658,1038,426,820
303,363,-657,933,398,728
258,388,-654,839,368,644
222,415,-661,754,338,570
189,444,-657,677,304,502
161,472,-651,607,268,440
137,495,-646,545,234,381
114,517,-646,492,207,325
92,537,-647,447,181,273
74,558,-649,409,152,223
58,578,-649,375,113,173
47,596,-644,340,69,124
45,612,-640,300,29,74
46,626,-635,259,-5,22
49,642,-627,213,-29,-32
54,659,-617,163,-46,-87
63,672,-611,111,-57,-143
73,686,-609,62,-65,-200
80,701,-606,17,-73,-252
88,719,-598,-23,-88,-299
105,735,-590,-61,-108,-342
128,747,-580,-96,-133,-386
151,759,-570,-130,-158,-426
171,770,-559,-163,-180,-460
190,786,-545,-195,-196,-485
215,799,-533,-228,-214,-506
241,807,-522,-261,-237,-523
266,813,-507,-296,-263,-537
293,820,-486,-335,-289,-546
322,829,-464,-376,-306,-552
352,838,-441,-418,-309,-555
381,844,-420,-458,-306,-557
406,849,-395,-497,-305,-554
431,852,-368,-536,-308,-548
455,854,-336,-574,-312,-535
477,856,-301,-612,-311,-519
500,858,-264,-649,-302,-500
524,855,-226,-685,-289,-480
546,850,-186,-722,-273,-460
564,842,-143,-760,-249,-440
576,834,-103,-796,-217,-419
585,825,-68,-825,-182,-395
590,818,-37,-844,-157,-367
592,812,-9,-845,-143,-335
592,806,19,-833,-136,-300
595,798,49,-809,-134,-263
599,791,81,-782,-131,-229
604,782,112,-754,-128,-199
608,774,143,-729,-130,-174
611,766,173,-707,-134,-151
612,755,204,-690,-135,-131
610,744,231,-675,-132,-111
603,731,251,-660,-124,-92
593,718,268,-641,-118,-72
582,709,279,-612,-120,-56
571,703,289,-576,-130,-42
563,701,298,-534,-147,-34
556,700,309,-491,-167,-31
554,701,322,-451,-187,-33
556,703,335,-419,-201,-42
562,706,348,-396,-205,-56
573,709,359,-385,-200,-76
586,712,370,-382,-190,-97
598,713,380,-385,-176,-118
610,713,389,-391,-160,-135
619,709,402,-399,-144,-144
630,702,416,-407,-132,-148
636,694,443,-415,-120,-146
640,685,481,-426,-105,-140
652,669,523,-437,-87,-136
675,639,577,-450,-65,-143
698,600,634,-461,-38,-162
717,545,701,-471,-10,-188
729,478,770,-471,29,-209
731,388,847,-443,60,-212
740,278,927,-375,69,-191
773,159,996,-218,88,-147
847,62,1033,27,149,-108
950,-12,1034,345,250,-101
1043,-42,981,716,414,-144
1085,-45,857,1090,615,-185
1082,-16,648,1476,779,-161
1049,25,445,1843,852,-40
1032,95,266,2147,824,231
1036,172,78,2383,776,553
1094,254,-52,2487,673,809
1091,295,-143,2452,583,946
1014,312,-228,2258,569,979
911,320,-329,1999,592,982
811,321,-436,1726,619,969
716,319,-553,1478,621,937
617,318,-641,1281,594,896
522,320,-694,1134,533,849
441,323,-725,1020,451,801
372,329,-736,929,347,745
314,339,-732,846,242,685
267,352,-713,763,151,613
229,367,-694,687,80,533
193,386,-682,619,27,445
160,409,-675,561,-18,352
131,437,-665,508,-66,261
109,467,-650,455,-123,173
94,496,-636,401,-170,91
86,524,-628,349,-203,14
81,553,-621,298,-232,-58
79,588,-607,248,-262,-126
84,620,-593,198,-289,-191
88,645,-586,148,-310,-251
90,669,-579,100,-335,-302
89,695,-570,56,-371,-343
95,720,-557,13,-427,-374
108,739,-545,-25,-483,-399
125,756,-533,-56,-520,-422
137,775,-515,-84,-539,-442
154,794,-499,-110,-545,-460
172,809,-485,-133,-547,-479
189,821,-473,-154,-552,-499
205,835,-459,-176,-558,-514
226,850,-442,-199,-561,-526
250,862,-426,-224,-553,-536
275,869,-412,-247,-535,-545
295,876,-396,-273,-512,-551
311,884,-378,-301,-492,-553
329,890,-362,-330,-476,-548
349,892,-346,-357,-463,-543
366,889,-333,-379,-450,-534
380,886,-320,-398,-436,-523
397,882,-306,-412,-421,-509
416,879,-295,-421,-403,-497
433,876,-287,-426,-378,-487
442,873,-278,-427,-360,-479
453,874,-264,-430,-359,-469
470,874,-240,-440,-368,-460
490,875,-210,-460,-370,-454
510,876,-174,-493,-347,-452
532,878,-136,-533,-313,-455
548,878,-101,-575,-274,-460
554,878,-72,-611,-237,-461
555,877,-40,-635,-202,-453
558,875,-11,-648,-171,-441
559,873,13,-649,-145,-428
558,872,31,-634,-130,-418
557,868,50,-612,-126,-409
558,861,68,-587,-129,-399
566,851,86,-566,-131,-391
581,838,104,-554,-125,-383
598,824,120,-547,-112,-375
613,810,135,-544,-96,-366
624,797,151,-541,-85,-354
633,781,170,-537,-81,-336
640,764,190,-529,-80,-312
647,748,211,-516,-80,-285
654,736,228,-495,-83,-259
660,727,242,-465,-89,-236
663,723,257,-428,-101,-216
664,722,270,-391,-114,-198
668,724,283,-360,-127,-184
673,726,293,-337,-137,-176
678,724,311,-331,-148,-174
679,715,338,-342,-156,-173
681,697,371,-367,-158,-172
682,668,417,-401,-156,-169
690,631,473,-433,-156,-164
717,574,547,-453,-157,-159
749,499,630,-453,-158,-151
801,410,732,-412,-159,-128
889,313,841,-323,-132,-96
1021,220,938,-149,-32,-77
1146,148,1000,81,138,-76
1243,97,992,365,377,-80
1303,72,892,680,619,-61
1321,88,724,1018,811,15
1311,135,523,1351,894,215
1319,196,325,1632,897,497
1356,258,133,1845,887,815
1379,303,-36,1992,894,1074
1336,318,-158,2020,911,1218
1239,318,-257,1942,910,1284
1095,300,-369,1772,890,1292
953,281,-473,1572,869,1269
812,259,-550,1369,841,1209
679,242,-614,1189,797,1132
560,230,-660,1047,730,1042
459,227,-687,940,650,944
375,234,-691,855,565,847
312,252,-682,779,479,747
264,272,-674,709,403,648
222,300,-668,643,336,552
184,331,-663,582,274,465
151,365,-659,523,214,386
126,400,-651,466,157,312
106,434,-648,413,105,241
88,468,-645,364,52,172
72,497,-643,320,1,108
61,526,-636,279,-49,49
55,553,-625,237,-96,-6
54,579,-611,195,-135,-61
53,605,-598,153,-167,-114
57,630,-583,111,-195,-169
65,655,-570,71,-223,-223
76,679,-559,36,-247,-277
88,704,-545,3,-267,-326
100,728,-529,-28,-285,-368
115,752,-513,-60,-304,-402
135,774,-498,-91,-323,-430
158,789,-487,-119,-339,-454
181,802,-473,-146,-353,-473
202,821,-449,-174,-363,-488
222,841,-426,-204,-368,-500
240,857,-412,-232,-362,-507
260,868,-401,-257,-356,-511
277,879,-384,-280,-360,-510
291,890,-361,-304,-369,-504
307,900,-336,-328,-375,-495
326,904,-315,-351,-372,-484
341,902,-297,-370,-360,-475
347,908,-276,-386,-346,-462
354,911,-254,-402,-352,-447
368,909,-233,-416,-376,-429
387,904,-212,-429,-392,-410
410,899,-187,-444,-390,-395
434,896,-156,-461,-380,-384
457,896,-127,-482,-363,-380
477,894,-101,-503,-335,-381
493,891,-79,-520,-307,-382
502,888,-60,-532,-286,-381
509,884,-42,-540,-271,-375
513,878,-23,-544,-265,-364
516,868,-2,-547,-264,-352
518,857,19,-552,-263,-340
522,851,36,-553,-255,-333
533,850,53,-547,-243,-335
545,849,66,-534,-236,-343
555,849,79,-517,-235,-355
562,850,91,-495,-237,-365
568,849,100,-474,-240,-368
575,847,109,-451,-244,-361
582,846,117,-429,-245,-347
586,842,124,-406,-246,-325
588,836,133,-385,-252,-299
587,828,144,-367,-258,-268
587,820,153,-351,-261,-241
592,812,159,-336,-264,-220
599,805,159,-318,-268,-207
610,799,161,-297,-270,-200
627,793,165,-277,-271,-202
642,787,172,-264,-267,-207
654,783,183,-263,-255,-213
665,780,196,-272,-241,-217
674,778,211,-292,-224,-218
684,776,228,-316,-207,-217
696,770,255,-346,-189,-215
706,759,295,-383,-172,-214
717,743,344,-424,-150,-214
733,718,405,-467,-125,-218
767,680,472,-504,-102,-228
818,619,546,-527,-65,-250
878,542,634,-530,-15,-279
956,430,733,-497,40,-303
1041,297,832,-421,112,-313
1157,149,885,-246,245,-310
1275,25,874,44,438,-317
1350,-29,783,488,653,-347
1374,-27,631,1000,866,-359
1311,9,426,1544,1029,-286
1196,66,214,2072,1037,7
1104,150,-12,2535,902,478
1256,256,-48,2829,668,984
1377,282,-102,2885,541,1221
1286,249,-170,2688,622,1193
1112,219,-283,2369,715,1140
982,189,-432,2029,777,1117
882,160,-580,1749,793,1092
790,135,-702,1540,766,1051
695,126,-752,1392,701,998
622,130,-768,1264,635,939
564,142,-759,1140,576,865
501,156,-756,1025,519,789
429,169,-764,928,456,716
365,184,-792,852,380,647
308,205,-794,788,284,573
262,227,-798,733,179,494
225,252,-791,684,71,402
194,277,-781,638,-20,306
168,301,-767,588,-84,208
149,330,-755,528,-122,107
136,360,-747,464,-151,8
130,391,-742,394,-182,-91
125,416,-743,327,-219,-183
122,441,-746,268,-274,-262
121,468,-742,219,-337,-327
121,499,-732,182,-396,-374
133,527,-721,156,-449,-411
153,553,-712,139,-485,-444
172,581,-699,127,-510,-475
189,614,-684,113,-525,-503
208,649,-670,90,-535,-532
227,677,-663,62,-541,-557
243,698,-663,30,-541,-575
256,715,-661,-4,-535,-586
267,733,-651,-44,-526,-593
280,753,-636,-88,-517,-601
290,770,-624,-135,-507,-610
297,783,-615,-179,-494,-618
304,796,-605,-217,-482,-622
316,808,-595,-249,-471,-624
330,821,-582,-277,-462,-625
342,835,-563,-304,-454,-625
353,847,-541,-333,-439,-622
363,859,-522,-364,-413,-615
369,868,-507,-391,-382,-605
376,874,-494,-412,-351,-591
383,878,-478,-426,-326,-575
389,879,-463,-434,-308,-560
396,877,-449,-440,-298,-547
404,876,-433,-445,-297,-535
414,876,-411,-454,-291,-529
427,877,-389,-468,-276,-528
443,878,-366,-490,-257,-535
458,878,-345,-514,-236,-544
470,879,-324,-543,-213,-555
479,880,-307,-571,-187,-565
490,881,-288,-599,-166,-570
503,882,-265,-624,-149,-575
517,880,-235,-651,-133,-578
535,878,-202,-679,-115,-581
558,877,-160,-713,-95,-589
575,875,-123,-749,-56,-599
586,873,-89,-780,-12,-605
594,868,-58,-799,26,-602
598,861,-29,-805,57,-592
599,852,3,-797,76,-571
602,842,37,-782,82,-545
600,829,75,-765,70,-513
599,816,115,-747,53,-476
604,803,160,-730,39,-438
621,786,215,-715,32,-406
640,765,279,-707,32,-384
665,738,357,-710,35,-373
705,704,450,-720,46,-371
759,647,565,-743,77,-379
816,568,690,-772,137,-389
866,449,816,-775,222,-376
926,316,893,-691,311,-333
1021,206,900,-396,416,-269
1119,150,881,43,502,-213
1193,143,839,555,597,-146
1223,179,728,1088,725,-24
1208,219,580,1582,838,182
1141,271,390,2002,850,560
1125,335,195,2350,767,1026
1273,374,108,2534,639,1374
1302,345,49,2541,635,1525
1213,292,-39,2362,711,1533
1088,237,-161,2111,768,1522
976,184,-294,1850,809,1507
875,139,-411,1615,815,1471
774,99,-508,1421,794,1417
670,71,-581,1269,757,1346
571,55,-629,1143,708,1269
485,54,-653,1032,638,1179
408,59,-669,928,565,1079
339,72,-677,829,496,969
275,89,-683,737,431,859
218,113,-690,653,370,751
171,142,-691,576,312,646
132,178,-686,503,260,545
102,218,-677,432,219,444
77,259,-671,365,187,347
53,301,-670,304,160,258
31,346,-673,252,131,178
17,389,-671,209,96,107
10,428,-668,170,61,42
7,466,-660,134,31,-18
4,505,-649,99,8,-71
-0,544,-636,62,-6,-117
-2,580,-628,27,-12,-155
-3,612,-623,-6,-16,-188
-5,641,-622,-33,-22,-215
-6,670,-619,-55,-31,-237
-2,698,-607,-78,-46,-256
5,723,-594,-101,-60,-275
13,740,-584,-125,-68,-292
20,754,-578,-148,-72,-306
24,770,-572,-166,-77,-316
30,786,-563,-181,-86,-325
39,798,-557,-192,-102,-333
48,805,-553,-199,-122,-340
58,811,-548,-202,-141,-347
65,821,-538,-203,-156,-352
76,832,-525,-206,-168,-359
90,840,-512,-215,-176,-368
103,847,-499,-228,-180,-379
115,854,-486,-247,-181,-391
126,863,-472,-268,-178,-402
140,872,-460,-290,-173,-412
151,877,-449,-313,-166,-420
162,881,-440,-334,-162,-426
172,883,-430,-355,-160,-428
180,884,-417,-375,-161,-428
189,883,-403,-393,-161,-428
197,882,-389,-407,-161,-428
206,879,-374,-418,-162,-429
211,876,-354,-428,-158,-427
214,877,-327,-442,-138,-418
226,880,-292,-462,-110,-410
250,887,-256,-490,-81,-410
278,897,-218,-527,-42,-430
306,909,-180,-572,7,-462
